- adx_changeddate: 2021-06-24T05:00:48.0000000Z
  adx_name: ~/new-page-1
  adx_urlhistoryid: 22eb423e-f36b-1410-8eb9-00ba62cf20a7
  adx_webpageid: cae35304-a9d4-eb11-bacc-00224820e6a0
  timezoneruleversionnumber: 0
- adx_changeddate: 2021-06-24T05:00:50.0000000Z
  adx_name: ~/new-page-1
  adx_urlhistoryid: 27eb423e-f36b-1410-8eb9-00ba62cf20a7
  adx_webpageid: 5f580f75-8db4-4da8-800f-1bb26102e667
  timezoneruleversionnumber: 0
- adx_changeddate: 2021-06-24T05:10:55.0000000Z
  adx_name: ~/new-page-1
  adx_urlhistoryid: 29eb423e-f36b-1410-8eb9-00ba62cf20a7
  adx_webpageid: 4d596980-aad4-eb11-bacc-00224820e6a0
  timezoneruleversionnumber: 0
- adx_changeddate: 2021-06-24T05:10:56.0000000Z
  adx_name: ~/new-page-1
  adx_urlhistoryid: 2eeb423e-f36b-1410-8eb9-00ba62cf20a7
  adx_webpageid: e04a216f-6a63-4b96-a340-d7051a974b8f
  timezoneruleversionnumber: 0
